[?25l[39m [38;2;0;0;0m    [38;2;74;74;15m_[38;2;11;14;11m.                   [39m
 [38;2;0;0;0m   [38;2;11;14;11m'[38;2;88;87;18m@[38;2;90;89;18m@[38;2;77;54;72m_ [38;2;2;2;2m                 [39m
 [38;2;0;0;0m    [38;2;11;14;11m:[38;2;108;66;108m@[38;2;115;66;124m@[38;2;154;119;123m@[38;2;152;113;128mg[38;2;100;69;94mg[38;2;89;50;100my[38;2;80;46;90my[38;2;70;40;79my[38;2;106;57;120m_[38;2;11;14;11m. [38;2;2;2;2m         [39m
 [38;2;0;0;0m   [38;2;10;13;10m.[38;2;90;50;102mg[38;2;109;59;123m@[38;2;140;96;129m@[38;2;246;215;149m@[38;2;228;156;107m@[38;2;221;135;92m@[38;2;222;139;95m@[38;2;226;153;105m@[38;2;227;163;114m@[38;2;208;155;123m@[38;2;204;170;142m@[38;2;164;126;131m@[38;2;144;104;124mg[38;2;79;45;89my[38;2;11;14;11m.      [39m
 [38;2;0;0;0m  [38;2;11;14;11m.[38;2;99;54;111mg[38;2;104;55;118m@[38;2;109;59;123m@[38;2;222;191;147m@[38;2;213;107;73m@[38;2;205;78;52m@[38;2;217;116;46m@[38;2;205;79;52m@[38;2;210;98;49m@[38;2;214;107;48m@[38;2;214;108;47m@[38;2;212;102;48m@[38;2;206;85;52m@[38;2;216;117;79m@[38;2;228;172;121m@[38;2;181;144;138m@[38;2;94;57;100mg[38;2;49;31;55m,    [39m
 [38;2;0;0;0m  [38;2;89;49;100mg[38;2;100;53;113m@[38;2;109;59;123m@[38;2;151;108;132m@[38;2;232;173;119m@[38;2;210;96;49m@[38;2;217;117;46m@[38;2;215;112;47m@[38;2;207;85;51m@[38;2;210;94;50m@[38;2;211;99;49m@[38;2;216;113;47m@[38;2;209;90;50m@[38;2;210;95;49m@[38;2;208;92;50m@[38;2;220;127;45m@[38;2;207;89;60m@[38;2;236;187;129m@[38;2;153;112;131m@[38;2;72;42;80m_   [39m
 [38;2;0;0;0m [38;2;11;14;11m:[38;2;109;59;123m@[38;2;99;52;112m@[38;2;109;59;123m@[38;2;178;140;137m@[38;2;222;139;95m@[38;2;205;81;52m@[38;2;206;84;51m@[38;2;219;123;45m@[38;2;205;78;52m@[38;2;216;117;46m@[38;2;205;78;52m@@[38;2;220;129;44m@[38;2;205;78;52m@[38;2;219;125;45m@[38;2;205;78;52m@[38;2;218;120;46m@[38;2;205;78;52m@[38;2;236;186;128m@[38;2;140;95;129m@[38;2;11;14;11m:  [39m
 [38;2;0;0;0m [38;2;11;14;11m:[38;2;109;59;123m@[38;2;98;52;112m@[38;2;109;59;123m@[38;2;139;95;129m@[38;2;234;180;124m@[38;2;205;79;52m@[38;2;219;125;45m@[38;2;207;86;51m@[38;2;212;103;48m@[38;2;207;87;51m@[38;2;217;120;46m@[38;2;205;78;52m@@[38;2;218;124;45m@[38;2;207;86;51m@[38;2;213;103;48m@[38;2;210;94;49m@[38;2;210;95;49m@[38;2;216;119;81m@[38;2;196;162;142m@[38;2;55;34;61mW  [39m
 [38;2;0;0;0m [38;2;11;14;11m'[38;2;107;58;121m@[38;2;103;55;116m@[38;2;106;57;120m@[38;2;109;59;123m@[38;2;189;153;140m@[38;2;225;148;101m@[38;2;205;78;52m@[38;2;221;131;44m@[38;2;205;79;52m@[38;2;205;78;52m@[38;2;211;97;49m@[38;2;222;132;44m@[38;2;210;96;49m@[38;2;208;89;50m@[38;2;205;78;52m@[38;2;207;85;51m@[38;2;214;109;47m@[38;2;209;93;50m@[38;2;228;159;109m@[38;2;164;124;135m@[38;2;11;14;11m:  [39m
 [38;2;0;0;0m  [38;2;55;31;62m?[38;2;100;53;113m@[38;2;102;54;115m@[38;2;106;57;120m@[38;2;109;59;123m@[38;2;163;123;134m@[38;2;236;188;130m@[38;2;212;103;70m@[38;2;216;115;47m@[38;2;205;78;52m@[38;2;222;132;44m@[38;2;210;97;49m@[38;2;210;94;49m@[38;2;219;122;45m@[38;2;205;81;51m@[38;2;216;116;46m@[38;2;207;86;58m@[38;2;230;165;113m@[38;2;180;143;138m@[38;2;85;48;96mF [38;2;2;2;2m  [39m
 [38;2;0;0;0m   [38;2;64;35;73m~[38;2;78;41;89m@[38;2;92;47;105m@[38;2;97;51;110m@[38;2;106;57;120m@[38;2;109;59;123m@[38;2;150;108;132m@[38;2;201;164;138m@[38;2;233;177;123m@[38;2;223;143;98m@[38;2;219;127;87m@[38;2;218;125;85m@[38;2;221;134;92m@[38;2;228;159;109m@[38;2;213;166;124m@[38;2;171;135;130m@[38;2;89;56;92mR[38;2;62;37;70m~    [39m
 [38;2;0;0;0m    [38;2;11;14;11m`[38;2;77;40;88m~[38;2;67;36;76m5[38;2;82;42;94m@[38;2;90;46;103m@[38;2;91;46;104m@[38;2;94;48;107m@[38;2;94;49;107m@@@[38;2;92;51;101m@[38;2;78;41;89m#[38;2;75;40;86mF[38;2;85;43;97m~[38;2;11;14;11m'      [39m
 [38;2;0;0;0m       [38;2;11;14;11m`'[38;2;77;39;87m`[38;2;62;32;70m"[38;2;57;32;65m"[38;2;76;39;86m`[38;2;13;15;13m'[38;2;11;14;11m`          [39m
[?25h
