[?25l[39m [38;2;0;0;0m                                               [39m
 [38;2;0;0;0m       [38;2;11;14;11m.[38;2;72;72;16m_[38;2;68;68;16mg[38;2;70;69;16my[38;2;11;14;11m:                                   [39m
 [38;2;0;0;0m       [38;2;11;14;11m:[38;2;98;96;19m@[38;2;104;102;19m@@[38;2;75;74;17my[38;2;11;14;11m:                                  [39m
 [38;2;0;0;0m       [38;2;11;14;11m`[38;2;12;15;12m`[38;2;82;81;18mN[38;2;104;102;19m@[38;2;104;99;28m@[38;2;90;67;70m$[38;2;65;38;73my[38;2;11;14;11m:. [38;2;2;3;2m                              [39m
 [38;2;0;0;0m         [38;2;11;14;11m:[38;2;108;69;101m@[38;2;109;59;123m@@[38;2;135;90;128m@[38;2;126;80;126m@[38;2;99;54;111m$[38;2;100;55;113mg[38;2;74;43;83ma[38;2;82;46;93my[38;2;73;42;82my[38;2;59;36;66my[38;2;103;56;117m_[38;2;33;23;36m;[38;2;11;14;11m...[38;2;10;13;10m.                    [39m
 [38;2;0;0;0m        [38;2;11;14;11m.[38;2;64;38;72my[38;2;109;59;123m@@@[38;2;184;148;139m@[38;2;248;221;153m@@[38;2;236;208;150m@[38;2;215;183;146m@[38;2;203;169;143m@[38;2;182;145;139m@[38;2;171;132;136m@[38;2;159;118;134m@[38;2;151;109;132m@[38;2;134;89;128m@[38;2;110;61;122m@[38;2;101;55;113m$[38;2;107;58;121mg[38;2;80;45;90mg[38;2;78;44;87my[38;2;101;55;114m_[38;2;11;14;11m..               [39m
 [38;2;0;0;0m       [38;2;11;14;11m.[38;2;58;35;65my[38;2;105;57;118m@[38;2;109;59;123m@@@[38;2;214;182;146m@[38;2;248;221;153m@[38;2;242;205;142m@[38;2;226;153;105m@[38;2;217;121;82m@[38;2;215;115;78m@[38;2;216;116;79m@[38;2;217;123;84m@[38;2;221;138;95m@[38;2;227;156;107m@[38;2;231;170;117m@[38;2;236;188;130m@[38;2;246;217;150m@[38;2;246;219;153m@[38;2;220;189;147m@[38;2;197;162;142m@[38;2;163;122;134m@[38;2;118;70;124m@[38;2;108;59;122mg[38;2;87;49;98my[38;2;83;46;93m_[38;2;11;14;11m.            [39m
 [38;2;0;0;0m      [38;2;11;14;11m.[38;2;76;43;85my[38;2;108;59;122m@[38;2;109;59;123m@@@[38;2;144;100;130m@[38;2;248;221;153m@[38;2;232;176;121m@[38;2;205;78;52m@@[38;2;225;139;43m@[38;2;227;149;41m@[38;2;205;78;52m@@@[38;2;218;118;46m@[38;2;220;128;44m@[38;2;205;78;52m@@@[38;2;206;88;59m@[38;2;216;116;79m@[38;2;228;158;108m@[38;2;241;204;141m@[38;2;244;217;152m@[38;2;201;167;143m@[38;2;138;94;129m@[38;2;101;55;113m$[38;2;83;47;93my[38;2;11;14;11m:.         [39m
 [38;2;0;0;0m     [38;2;11;14;11m.[38;2;69;40;77mg[38;2;109;59;123m@[38;2;99;52;113m@[38;2;104;56;118m@[38;2;109;59;123m@[38;2;109;60;123m@[38;2;230;201;149m@[38;2;244;212;147m@[38;2;205;80;54m@[38;2;205;78;52m@@@[38;2;209;94;49m@[38;2;205;78;52m@@@[38;2;214;108;47m@[38;2;215;112;47m@[38;2;205;78;52m@[38;2;206;87;50m@[38;2;239;181;36m@[38;2;215;112;46m@[38;2;205;78;52m@@@[38;2;205;80;54m@[38;2;218;127;86m@[38;2;239;197;136m@[38;2;240;212;151m@[38;2;174;135;137m@[38;2;108;58;122m@[38;2;88;49;99my[38;2;11;14;11m: [38;2;2;2;2m       [39m
 [38;2;0;0;0m    [38;2;11;14;11m.[38;2;71;41;80my[38;2;109;59;123m@[38;2;102;54;115m@[38;2;101;53;114m@[38;2;109;59;123m@@[38;2;170;131;136m@[38;2;248;221;153m@[38;2;216;122;83m@[38;2;205;78;52m@@@[38;2;208;92;50m@[38;2;229;151;41m@[38;2;208;88;50m@[38;2;217;121;45m@[38;2;238;181;36m@[38;2;205;78;52m@@@@[38;2;210;97;49m@[38;2;205;78;52m@@[38;2;228;155;40m@[38;2;217;118;45m@[38;2;205;78;52m@[38;2;206;84;51m@[38;2;205;81;51m@[38;2;211;101;68m@[38;2;237;189;130m@[38;2;244;217;152m@[38;2;160;119;134m@[38;2;98;54;111m@[38;2;71;41;80m_[38;2;11;14;11m.      [39m
 [38;2;0;0;0m    [38;2;11;14;11m:[38;2;104;56;117m@[38;2;109;59;123m@[38;2;92;47;105m@[38;2;109;59;123m@@@[38;2;227;197;148m@[38;2;245;215;148m@[38;2;205;78;52m@[38;2;207;88;50m@[38;2;234;170;38m@[38;2;225;146;41m@[38;2;205;78;52m@@@@@[38;2;205;79;52m@[38;2;225;142;42m@[38;2;205;80;52m@[38;2;214;109;47m@[38;2;242;186;36m@[38;2;209;93;50m@[38;2;205;78;52m@@@[38;2;212;102;48m@[38;2;232;159;40m@[38;2;217;120;45m@[38;2;205;78;52m@@[38;2;217;125;85m@[38;2;248;221;153m@[38;2;202;168;143m@[38;2;109;59;123m@[38;2;82;46;92m_[38;2;11;14;11m.     [39m
 [38;2;0;0;0m   [38;2;11;14;11m:[38;2;78;44;88mg[38;2;109;59;123m@[38;2;104;55;118m@[38;2;97;51;111m@[38;2;109;59;123m@@@[38;2;248;221;153m@[38;2;236;185;127m@[38;2;205;78;52m@@@@[38;2;209;94;49m@[38;2;214;108;47m@[38;2;205;78;52m@@[38;2;225;142;42m@[38;2;216;115;46m@[38;2;208;91;50m@[38;2;205;78;52m@@[38;2;205;79;52m@[38;2;205;78;52m@@@[38;2;207;88;50m@[38;2;217;114;47m@[38;2;205;78;52m@@[38;2;232;161;39m@[38;2;225;148;41m@[38;2;205;78;52m@[38;2;211;104;70m@[38;2;248;221;153m@[38;2;205;172;143m@[38;2;109;59;123m@[38;2;43;29;48m;[38;2;10;13;10m.    [39m
 [38;2;0;0;0m   [38;2;11;14;11m:[38;2;101;55;114m$[38;2;109;59;123m@[38;2;101;53;115m@[38;2;99;52;113m@[38;2;109;59;123m@@@[38;2;248;221;153m@[38;2;235;185;128m@[38;2;205;78;52m@[38;2;205;80;51m@[38;2;218;120;46m@[38;2;217;117;46m@[38;2;208;91;50m@[38;2;214;106;48m@[38;2;205;79;52m@[38;2;205;78;52m@@[38;2;205;83;51m@[38;2;210;97;49m@[38;2;205;78;52m@@[38;2;206;87;50m@[38;2;231;156;40m@[38;2;213;107;47m@[38;2;205;78;52m@[38;2;211;100;48m@[38;2;214;105;48m@[38;2;205;78;52m@@@[38;2;207;90;50m@[38;2;208;90;50m@[38;2;205;78;52m@[38;2;221;138;95m@[38;2;248;221;153m@[38;2;145;101;131m@[38;2;88;49;99m@[38;2;11;14;11m:    [39m
 [38;2;0;0;0m   [38;2;11;14;11m:[38;2;107;58;121m$[38;2;109;59;123m@[38;2;103;54;116m@[38;2;98;52;112m@[38;2;109;59;123m@@@[38;2;218;186;146m@[38;2;245;216;150m@[38;2;205;78;52m@@[38;2;211;99;49m@[38;2;209;94;49m@[38;2;205;78;52m@@@@@[38;2;214;110;47m@[38;2;217;119;46m@[38;2;205;78;52m@@@@[38;2;218;122;45m@[38;2;232;160;40m@[38;2;207;88;50m@[38;2;205;78;52m@@@[38;2;205;81;51m@[38;2;223;134;44m@[38;2;220;128;44m@[38;2;205;78;52m@[38;2;205;79;53m@[38;2;248;221;153m@[38;2;201;167;143m@[38;2;109;59;123m@[38;2;11;14;11m: [38;2;2;2;2m   [39m
 [38;2;0;0;0m   [38;2;11;14;11m:[38;2;102;56;115m$[38;2;109;59;123m@[38;2;108;58;121m@[38;2;93;48;106m@[38;2;109;59;123m@@@[38;2;142;98;130m@[38;2;248;221;153m@[38;2;224;148;101m@[38;2;205;78;52m@[38;2;210;95;49m@[38;2;236;176;37m@[38;2;224;139;43m@[38;2;205;78;52m@[38;2;212;104;48m@[38;2;236;173;38m@[38;2;212;104;48m@[38;2;205;78;52m@[38;2;228;149;41m@[38;2;221;131;44m@[38;2;205;78;52m@@[38;2;209;93;50m@[38;2;212;104;48m@[38;2;205;78;52m@@[38;2;210;99;49m@[38;2;240;183;36m@[38;2;218;123;45m@[38;2;205;78;52m@[38;2;216;115;46m@[38;2;217;118;46m@[38;2;205;78;52m@@[38;2;248;221;153m@[38;2;212;180;145m@[38;2;109;59;123m@[38;2;11;14;11m: [38;2;2;2;2m   [39m
 [38;2;0;0;0m   [38;2;11;14;11m'[38;2;80;45;90m3[38;2;109;59;123m@@[38;2;97;51;110m@[38;2;104;55;117m@[38;2;109;59;123m@@@[38;2;183;146;139m@[38;2;248;221;153m@[38;2;217;126;86m@[38;2;205;78;52m@@[38;2;207;86;51m@[38;2;218;121;45m@[38;2;205;79;52m@[38;2;205;78;52m@@@[38;2;210;97;49m@[38;2;205;79;52m@[38;2;218;119;46m@[38;2;213;106;47m@[38;2;209;93;50m@[38;2;225;140;43m@[38;2;205;79;52m@[38;2;205;78;52m@@@@@[38;2;205;79;52m@[38;2;210;97;49m@[38;2;205;78;52m@[38;2;215;118;80m@[38;2;248;221;153m@[38;2;169;129;136m@[38;2;100;55;113m@[38;2;11;14;11m:    [39m
 [38;2;0;0;0m    [38;2;11;14;11m:[38;2;102;54;115m@[38;2;109;59;123m@@[38;2;93;48;106m@[38;2;107;57;121m@[38;2;109;59;123m@@@[38;2;178;140;138m@[38;2;248;221;153m@[38;2;227;156;107m@[38;2;205;78;52m@[38;2;213;105;48m@[38;2;215;109;47m@[38;2;205;78;52m@[38;2;205;82;51m@[38;2;205;78;52m@@[38;2;210;97;49m@[38;2;205;78;52m@[38;2;212;103;48m@[38;2;215;111;47m@[38;2;205;78;52m@[38;2;206;84;51m@[38;2;221;127;44m@[38;2;205;80;52m@[38;2;205;78;52m@@[38;2;211;98;49m@[38;2;232;163;39m@[38;2;217;120;45m@[38;2;205;78;52m@[38;2;208;91;61m@[38;2;243;211;146m@[38;2;225;195;148m@[38;2;109;59;123m@[38;2;68;40;76m~[38;2;11;14;11m'    [39m
 [38;2;0;0;0m    [38;2;11;14;11m'[38;2;58;33;66m^[38;2;94;49;107m@[38;2;106;57;120m@[38;2;108;58;122m@[38;2;94;48;107m@[38;2;106;57;120m@[38;2;109;59;123m@@@[38;2;143;99;130m@[38;2;237;208;150m@[38;2;242;206;142m@[38;2;216;123;84m@[38;2;205;78;52m@[38;2;209;96;49m@[38;2;225;142;42m@[38;2;205;78;52m@[38;2;208;89;50m@[38;2;241;185;36m@[38;2;212;104;48m@[38;2;205;78;52m@[38;2;219;124;45m@[38;2;206;83;51m@[38;2;205;78;52m@[38;2;223;134;43m@[38;2;212;102;48m@[38;2;205;78;52m@[38;2;236;175;37m@[38;2;215;115;46m@[38;2;205;78;52m@@[38;2;223;139;95m@[38;2;247;220;152m@[38;2;207;175;144m@[38;2;111;62;123m@[38;2;71;41;80mM[38;2;11;14;11m'     [39m
 [38;2;0;0;0m     [38;2;11;14;11m'[38;2;65;35;74m~[38;2;88;45;101m@[38;2;94;49;107m@[38;2;104;55;117m@[38;2;98;51;112m@[38;2;99;52;112m@[38;2;109;59;123m@@@@[38;2;156;115;133m@[38;2;234;205;150m@[38;2;244;213;147m@[38;2;225;151;103m@[38;2;208;93;63m@[38;2;205;78;52m@@@@@[38;2;225;139;43m@[38;2;210;96;49m@[38;2;205;78;52m@@@@@[38;2;209;96;65m@[38;2;226;153;105m@[38;2;245;215;149m@[38;2;228;198;148m@[38;2;147;104;131m@[38;2;99;54;112m@[38;2;81;45;91m~[38;2;11;14;11m'      [39m
 [38;2;0;0;0m      [38;2;11;14;11m'[38;2;42;25;47m`[38;2;78;41;90m4[38;2;90;46;103m@@[38;2;91;46;104m@@[38;2;100;53;113m@[38;2;109;59;123m@@@@[38;2;130;84;127m@[38;2;181;143;138m@[38;2;230;201;149m@[38;2;247;220;152m@[38;2;238;189;130m@[38;2;230;166;114m@[38;2;222;142;97m@[38;2;219;127;87m@[38;2;216;121;82m@[38;2;217;122;83m@[38;2;218;125;85m@[38;2;222;139;95m@[38;2;228;161;110m@[38;2;237;186;129m@[38;2;247;219;152m@[38;2;230;201;147m@[38;2;178;143;133m@[38;2;122;78;119m@[38;2;88;47;99mA[38;2;107;58;121m~[38;2;11;14;11m'[38;2;10;13;10m`       [39m
 [38;2;0;0;0m        [38;2;11;14;11m'[38;2;60;33;68m"[38;2;71;38;81mF[38;2;89;46;102m@[38;2;90;46;103m@@@[38;2;90;46;104m@[38;2;94;49;108m@[38;2;98;51;111m@[38;2;101;54;115m@[38;2;103;55;117m@[38;2;105;56;119m@[38;2;107;58;121m@[38;2;128;82;125m@[38;2;143;100;129m@[38;2;165;127;133m@[38;2;178;142;134m@[38;2;181;147;133m@[38;2;181;148;131m@[38;2;174;140;129m@[38;2;159;123;124m@[38;2;133;94;116m@[38;2;115;75;110m@[38;2;89;46;102m@[38;2;74;39;84mR[38;2;66;36;75mT[38;2;61;32;70m`[38;2;11;14;11m'          [39m
 [38;2;0;0;0m          [38;2;11;14;11m''[38;2;81;42;93m~[38;2;64;35;72m5[38;2;84;43;96mR[38;2;90;46;103m@@@@@@@@@@@@@[38;2;74;39;84m@[38;2;68;37;78mM[38;2;64;35;73mT[38;2;62;34;70m"[38;2;11;14;11m''             [39m
 [38;2;0;0;0m             [38;2;11;14;11m`''[38;2;52;29;59m"[38;2;84;43;96m~[38;2;60;34;68m7[38;2;64;35;73mT[38;2;67;36;76mTT[38;2;65;36;74mT[38;2;63;35;71mT[38;2;59;33;67mT[38;2;71;37;82m~[38;2;58;31;66m`[38;2;11;14;11m''`                 [39m
 [38;2;0;0;0m                                               [39m
[?25h
